0	59	52	64	20	18	13	65	12	29
1	5	64	9	63	16	10	-1
2	5	15	7	8	10	-1
3	6	11	-1
4	62	5	15	17	6	16	-1
5	4	15	1	9	16	2	10
6	4	17	66	52	67	12	3	11	-1
7	8	2	-1
8	7	2	10	-1
9	5	1	10
10	5	1	9	8	2	-1
11	6	67	3	14	21	-1
12	17	6	52	0	65
13	64	0	18	65
14	52	67	11	21
15	5	4	2	-1
16	62	5	4	1	63
17	62	4	6	65	12
18	64	0	13
19	53	21	54	55	-1
20	64	0	29	-1
21	36	11	14	19	31	54	-1
22	37	38	52	23	49	51
23	27	52	60	26	22	49
24	25	42	68	55	-1
25	44	50	61	24	42	-1
26	28	61	57	23	58	49	51
27	59	57	60	23	58	29
28	48	61	43	38	26	51
29	59	27	57	20	0	-1
30	39	53	46	56
31	36	34	21	54	35
32	36	34	37	38
33	39	46	43	41	45	54	35
34	36	32	31	35
35	33	41	34	38	31	54
36	34	37	32	52	21	31
37	36	38	32	52	22
38	28	43	41	37	32	22	51	35
39	30	33	53	54
40	47	48	50	46	45
41	33	43	38	35
42	25	44	24	46	56	55
43	28	47	48	33	41	45	38
44	25	50	42	46
45	40	47	33	43
46	40	44	30	42	33	56
47	40	48	43	45
48	28	40	47	50	61	43
49	23	26	22	51
50	40	25	44	48	61
51	28	38	26	22	49
52	6	66	59	36	37	60	23	22	67	0	12	14
53	39	30	56	19	54	55
54	39	33	53	21	19	31	35
55	24	42	68	53	56	19	-1
56	30	42	53	46	55
57	61	27	58	26	29	-1
58	27	57	26
59	27	52	60	0	29
60	59	27	52	23
61	28	25	48	50	57	26	-1
62	4	17	65	63	16
63	62	64	65	1	16
64	20	0	18	13	65	1	63	-1
65	62	17	64	0	13	12	63
66	6	52	67
67	6	66	52	11	14
68	24	55	-1
