0	23	24	6	40	41	-1
1	23	41	17	42	45	49
2	9	10	13	39	19	49
3	23	24	18	27
4	24	26	36	37
5	6	26	7	46	29	33	37
6	0	24	26	5	7	-1
7	6	5	46	52	-1
8	12	15	14	35	-1
9	2	13	50	49
10	2	22	13	39	25	28	19
11	22	30	35	28	32
12	22	20	15	8	25	35
13	9	2	10	50	25	-1
14	16	8	34	35	-1
15	12	8	25	38	-1
16	14	34	52	31	47	-1
17	41	1	42	-1
18	23	3	27	28	19	49
19	2	10	39	18	28
20	22	12
21	29	30	36	37
22	10	20	12	25	35	28	11
23	0	24	3	18	41	1	49
24	23	0	6	26	4	3	36	27
25	10	22	13	12	15	38	-1
26	24	6	5	4	37
27	24	3	30	36	18	28
28	10	22	30	18	27	11	19
29	5	21	30	33	37	31	32
30	21	29	36	27	28	11	32
31	29	33	16	34	32	47
32	29	30	34	35	11	31
33	5	46	29	31	47
34	16	14	35	31	32
35	22	12	14	8	34	11	32
36	24	4	21	30	37	27
37	26	5	4	21	29	36
38	15	25	-1
39	2	10	19
40	0	41	-1
41	23	0	40	17	1	-1
42	17	1	45	-1
43	44	45	-1
44	43	45	51	-1
45	1	42	43	44	49	51	-1
46	5	7	33	52	47	48
47	46	33	16	52	31	48
48	46	47
49	23	9	2	50	18	1	45	51
50	9	13	49	51	-1
51	50	44	45	49	-1
52	7	46	16	47	-1
