0	3	14	2	13	16	
1	9	11	13	24	5	
2	8	13	0	26	16	
3	4	20	18	14	0	16	
4	3	20	15	14	
5	9	25	24	21	1	
6	18	16	17	-1	
7	16	17	32	-1	
8	2	13	26	27	28	24	
9	15	11	14	5	21	1	
10	27	29	12	32	-1	
11	9	14	13	1	
12	26	27	10	32	
13	11	14	8	2	0	1	
14	4	3	9	11	13	0	
15	4	20	9	22	21	
16	3	18	2	0	26	7	6	17	32	
17	7	6	16	-1	
18	3	20	19	6	16	-1	
19	20	23	18	-1	
20	4	3	23	18	19	15	22	
21	9	15	35	22	25	5	
22	20	23	15	35	21	
23	34	20	19	36	35	22	-1	
24	8	28	25	5	1	
25	34	35	28	24	5	21	-1	
26	8	2	27	12	16	32	
27	8	26	29	10	12	30	28	
28	8	27	30	25	24	-1	
29	27	31	10	30	-1	
30	27	29	31	28	-1	
31	29	30	-1	
32	26	10	7	12	16	-1	
33	34	36	35	
34	23	36	35	25	33	-1	
35	34	23	36	22	25	33	21	
36	34	23	35	33	
