0	33	6	51	2	1	25	50	49
1	2	0	31	25
2	197	0	1	31	8	48	49
3	33	6	5	39
4	35	30	26	99	92	122	121	28
5	33	3	27	39	51
6	40	33	3	39	52	45	46	0
7	25	42	8
8	24	2	31	42	23	7	10
9	148	167	164	24	145	32	56
10	42	8	145	32	56
11	34	35	197	164	24	43	28
12	24	23	32
13	83	74	14	77	16	78
14	17	121	74	55	18	75	15	16	13
15	171	55	29	75	14
16	18	14	79	77	13
17	87	100	80	81	121	74	84	14
18	166	19	75	14	79	16
19	69	71	18	22	79
20	86	80	81	83	21	84
21	86	20	83	78
22	19	67	76	77	78	82
23	12	24	8	32
24	12	197	9	164	11	23	8	32
25	40	0	1	31	153	42	159	7
26	51	36	30	4	37
27	5	39	51	41	99
28	35	4	121	11	55	29	54	43
29	169	171	55	54	28	15
30	35	36	26	4
31	2	1	25	8
32	12	9	24	23	56	10
33	6	3	5	51	0
34	35	36	197	11	48
35	34	36	30	4	11	28
36	34	35	30	26	37	38
37	51	36	26	38	50
38	36	37	48	49
39	6	3	5	27	45	41	57
40	162	6	52	25	153
41	27	39	95	57	99	94
42	25	159	161	8	7	145	10
43	169	164	11	54	28
44	131	45	53	46	96	47
45	6	39	46	44	47	57
46	131	129	6	52	45	44
47	45	44	95	96	57
48	34	197	2	38	49
49	2	0	48	38	50
50	51	0	37	49
51	33	5	27	26	99	0	37	50
52	129	162	40	6	46
53	63	130	132	44	96
54	169	29	43	28
55	121	29	28	15	14
56	9	145	32	10
57	39	45	41	47
58	60	63	97	109	62	59
59	60	106	62	58	138	-1
60	139	63	61	58	59
61	60	139	63	137	136
62	109	58	59
63	60	61	130	53	96	103	58
64	172	175	177	178	190	203	173	135	-1
65	176	114	173	156	66
66	173	156	65	129
67	70	68	71	185	22	76
68	70	193	196	67	76
69	166	168	71	19	90	185
70	73	68	67	185	186
71	69	19	67	185
72	73	183	182	-1
73	70	193	186	72	182	-1
74	17	83	84	14	13
75	166	171	18	15	14
76	86	85	68	196	67	22	78	82
77	22	79	16	78	13
78	83	21	22	76	77	13	82
79	19	18	77	16
80	17	20	81
81	86	17	20	80
82	22	76	78
83	20	74	21	78	13
84	17	20	74
85	194	195	86	88	76
86	194	87	85	20	81	21	76
87	194	105	100	113	86	17	-1
88	195	85	196	200
89	126	179	181	91	90
90	165	168	69	126	89	91	185
91	181	89	90	184	185
92	4	99	102	122	100
93	111	108	199	102	94
94	95	41	101	199	99	93
95	41	96	47	101	103	94
96	63	53	44	95	47	103
97	101	103	199	107	58
98	101	199
99	27	51	41	4	92	102	94
100	112	111	92	87	113	17	121
101	95	97	98	199	94
102	111	99	92	93
103	63	95	96	97
104	112	111	108	107	105	113
105	109	87	113	110	104	-1
106	109	59	110	-1
107	108	97	199	109	104
108	111	199	107	93	104
109	106	107	62	58	105	110
110	106	109	105	-1
111	112	108	102	93	100	104
112	111	100	113	104
113	112	87	105	100	104
114	176	117	118	116	204	156	65
115	118	119	116	-1
116	114	118	115	204	-1
117	114	118	119	156	120	154
118	117	114	119	116	115
119	117	118	115	120	-1
120	117	119	144	154	158	-1
121	4	122	100	17	55	28	14
122	4	92	121
123	125	127	128	126	179
124	127	180	-1
125	127	123	128	142	-1
126	170	165	123	128	89	90
127	125	123	124	180	179	-1
128	170	125	123	141	126	142
129	156	66	131	133	134	155	135	162	163	52	46
130	63	137	136	132	53
131	132	133	134	129	46	44
132	130	136	131	134	53
133	131	134	129
134	131	132	133	135	129
135	64	173	136	134	129
136	190	61	130	137	132	135
137	61	130	136
138	139	59	-1
139	174	188	189	190	60	61	138	-1
140	147	141	142	143	152	-1
141	170	148	140	128	142	143
142	125	140	128	141	-1
143	150	147	140	141
144	120	151	158	202	145	152	-1
145	148	9	42	144	151	161	146	149	56	10	152
146	148	150	145	149
147	150	149	140	143	152
148	167	9	150	145	146	141
149	150	145	146	147	152
150	148	146	149	147	143
151	144	161	202	145	-1
152	144	145	149	147	140	-1
153	157	162	40	25	159
154	117	156	120	158	160
155	156	129	157	163	159
156	117	114	66	65	155	129	154	160
157	155	162	163	153	159
158	144	120	154	160	161	202
159	155	157	25	153	42	160	161
160	156	154	158	159
161	42	151	158	159	202	145	-1
162	129	157	163	40	52	153
163	155	129	157	162
164	167	169	9	24	11	43
165	170	167	168	126	90
166	168	171	69	18	75
167	170	148	169	9	164	165	168	171
168	167	165	166	171	69	90
169	167	164	171	29	54	43
170	167	165	128	141	126
171	167	169	166	168	29	75	15
172	204	174	64	175	178
173	176	64	177	66	65	135
174	204	172	178	189	139	-1
175	176	204	64	172	203
176	114	204	175	177	203	173	65	-1
177	176	64	203	173	-1
178	174	64	172	188	189
179	127	123	180	181	89	191
180	127	124	179	191	-1
181	179	89	91	184	191
182	73	183	186	72
183	191	187	186	72	182	-1
184	181	91	185	191	187
185	70	69	71	67	91	90	184	187	186
186	70	73	185	183	187	182
187	184	185	191	183	186
188	178	189	190	139
189	174	178	188	139
190	64	188	139	136
191	180	179	181	184	183	187	-1
192	195	201	-1
193	201	73	68	196	200	-1
194	87	195	86	85	-1
195	192	194	85	201	88	200	-1
196	68	193	88	200	76
197	34	198	24	11	2	48
198	197
199	108	97	98	101	107	94	93
200	195	201	193	88	196
201	192	195	193	200	-1
202	144	151	158	161	-1
203	176	64	175	177	-1
204	176	114	116	174	172	175	-1
