0	38	39	11	47	43	42	14
1	51	25	28	29	2
2	1	28	15	3	4
3	28	11	2	47	65	4
4	15	8	3	2	65	64	19
5	76	63	69	62	64	66
6	17	7	76	9	19
7	6	8	76	19
8	10	15	20	7	76	4
9	17	6	64	19
10	32	31	15	20	8
11	38	3	47	0
12	52	48	13	35
13	36	52	22	57	33	12	35	23
14	47	0	67	42
15	29	26	32	10	8	2	4
16	21	52	50	75	70
17	6	76	64	9
18	33	35	34	-1
19	6	7	64	4	9
20	31	30	10	58	8	76
21	16	50	70	-1
22	36	51	13	23	24	31
23	22	57	13	60	31	30
24	51	22	25	26	32	31
25	51	1	24	29	26
26	25	24	29	32	15
27	37	28	38	39
28	37	51	27	1	38	3	2
29	25	1	26	15
30	23	60	31	20	58
31	22	23	24	32	30	10	20
32	24	26	31	10	15
33	57	13	18	35	59	55	76	-1
34	18	35	-1
35	48	33	13	18	12	34	-1
36	52	75	51	22	13
37	75	51	72	27	28
38	27	28	39	11	0
39	72	27	38	40	0	43
40	72	39	43
41	74	72	43	44	68	46	71
42	0	43	67	68	14
43	72	39	40	41	0	68	42
44	41	66	45	68	46
45	66	44	46	71	-1
46	41	45	44	71
47	11	3	65	0	67	14
48	52	50	49	12	35	-1
49	50	48	-1
50	21	16	52	48	49	-1
51	36	75	37	22	25	1	28	24
52	36	16	50	48	75	13	12
53	54	76	-1
54	53	76
55	57	33	59	56
56	57	59	55	60
57	33	13	56	55	23	60
58	59	60	30	20	76
59	33	56	55	60	58	76
60	57	59	56	23	30	58
61	76	63	62	66	-1
62	76	5	61	63
63	5	61	62	66
64	17	76	5	65	69	4	9	19
65	3	47	69	64	4	67
66	5	61	63	69	45	44	67	68	-1
67	47	65	69	66	68	42	14
68	41	43	66	44	67	42
69	5	65	64	66	67
70	21	16	75	74	73	71	-1
71	74	70	41	45	46	-1
72	75	37	74	73	39	40	41	43
73	75	74	72	70
74	73	72	70	41	71
75	36	16	52	37	51	73	72	70
76	33	59	20	58	17	6	7	8	54	53	5	61	62	64	-1
