0	167	148	17	19	99
1	101	100	149	167	148	2
2	102	149	1	73	133	150	99
3	16	119	117	70	4	69
4	16	117	91	3
5	22	78	176	192	37	193
6	85	7	181	182	151	91
7	85	6	8	180	182	9
8	7	180	9	-1
9	85	7	8	74	75	175	-1
10	46	139	84	169	170
11	125	160	191	-1
12	73	150	175	61	36	64	161	-1
13	162	146	145	169	63	-1
14	124	139	168	191	170
15	87	97	110	130	186
16	119	118	184	4	3
17	0	94	167	50	58	123	60	59	19
18	60	138	19	99
19	0	18	17	99
20	153	54	120	111	77	156	40
21	141	79	56	163	153	54	190
22	78	5	37	38
23	39	171	183	-1
24	159	182	25	185
25	182	24	144	26	32	33	185
26	144	25	32	183
27	89	78	95	80	28	154	51
28	129	142	29	154	27
29	113	129	28	136
30	44	45	81	113	147
31	113	137	136	57	147
32	26	25	33	183	-1
33	179	41	180	158	182	25	32	-1
34	172	174	35	-1
35	174	34	41	43	-1
36	61	12	194	-1
37	22	5	187	38	193
38	127	89	22	187	109	37
39	40	23	178	-1
40	111	20	156	39	112	171	178
41	172	174	35	179	157	42	43	33	-1
42	41	43	-1
43	35	41	42	-1
44	45	30	147	131
45	110	44	30	81	131
46	110	82	83	107	155	47	131	10
47	83	46	49	48	131
48	147	166	58	49	47	123	131
49	83	48	47	122	123
50	88	122	123	59	17
51	135	79	154	136	27
52	93	53	165	67	66
53	52	121	164	67	71	92
54	21	153	111	20	55
55	177	128	141	54	111	140
56	135	21	163	189
57	137	136	92	31
58	94	166	48	17
59	88	50	60	17
60	126	59	138	18	17
61	63	36	64	12	194	-1
62	98	138	63	64	99	65	161
63	98	13	145	61	62	64	-1
64	63	61	62	12	161
65	73	62	99	161
66	52	100	67	134	94	167
67	52	53	102	68	100	66	71
68	101	102	100	67
69	102	71	119	103	105	70	3	133
70	105	151	117	69	3
71	53	121	102	67	72	119	69
72	90	121	71	119	132	190
73	2	150	12	99	65
74	76	75	9	104	175
75	85	74	76	9
76	85	103	74	75	104	116	151
77	143	119	120	20	152	156
78	127	89	22	5	176	95	128	27
79	141	80	21	163	51
80	95	141	79	27
81	110	45	30	96	106	113
82	108	83	46	84
83	82	108	46	49	47	122
84	82	108	10	146	169
85	6	7	76	75	9	151
86	87	107	124	139	155
87	15	125	130	186	86	124
88	108	126	50	145	59
89	127	78	109	38	142	27
90	121	164	189	72	190
91	184	6	181	151	117	4
92	53	137	164	165	136	57
93	52	165	134
94	66	134	167	166	58	17
95	78	128	141	80	27
96	97	110	81	106
97	187	15	110	186	96	106
98	126	138	63	62
99	0	148	18	19	73	2	62	65
100	101	68	67	66	167	1
101	102	68	100	1
102	101	68	67	71	69	2	133
103	76	104	105	69	133
104	103	74	76	133	150	175
105	103	116	151	70	69
106	187	109	97	81	96	129	142
107	130	46	86	155
108	82	88	83	122	84	146
109	89	187	38	106	142
110	15	97	130	45	81	96	46
111	54	20	40	55	140	178
112	143	156	40	171
113	30	81	129	29	31	147
114	143	115	118	144	185	183
115	114	118	159	185
116	76	105	151
117	151	70	91	4	3
118	143	114	115	16	119	159	184
119	71	16	72	118	132	152	77	69	3
120	132	153	20	152	77	190
121	53	90	164	71	72
122	108	83	50	49	123
123	50	49	48	122	17
124	87	125	14	86	139	191
125	87	11	160	186	124
126	88	98	145	60
127	89	78	38
128	78	176	177	95	141	55
129	106	113	142	29	28
130	87	15	110	107
131	44	45	46	48	47
132	72	119	120	190
133	102	103	104	69	2	150
134	93	165	66	94	166
135	56	163	164	136	51
136	135	29	154	51	92	57	31
137	165	92	57	31	147
138	98	60	18	62
139	14	86	124	155	10
140	177	111	55	178
141	95	128	80	79	21	55
142	89	109	106	129	28
143	114	118	77	156	112	183
144	114	26	25	185	183
145	126	88	13	146	63
146	108	13	84	145	169
147	44	30	113	137	165	31	166	48
148	149	0	167	1	99
149	148	1	2
150	104	73	2	133	175	12
151	85	6	76	105	116	117	70	91
152	119	120	77
153	21	54	120	20
154	28	136	27	51
155	46	107	86	139
156	143	20	77	40	112
157	172	173	179	41
158	172	173	179	180	33
159	115	118	184	181	182	24	185
160	11	125	186	188	-1
161	62	64	12	65
162	168	13	169	-1
163	135	79	56	21
164	135	53	90	121	189	92
165	93	52	137	134	92	147	166
166	165	134	94	147	58	48
167	100	66	0	94	148	1	17
168	14	191	162	169	170	-1
169	168	162	13	10	84	146	170
170	14	168	10	169
171	40	23	112	183
172	173	174	34	157	41	180	158	-1
173	172	179	157	158
174	172	34	35	41
175	74	9	104	150	12	-1
176	78	5	177	192	128	-1
177	176	128	55	140	178	-1
178	177	111	40	39	140	-1
179	173	157	41	158	33
180	172	7	8	158	182	33	-1
181	159	184	6	182	91
182	159	6	7	180	181	24	25	33
183	143	114	144	26	32	23	171	-1
184	16	118	159	181	91
185	114	115	159	24	144	25
186	87	15	97	125	160	188
187	109	37	38	97	188	106
188	187	193	160	186	-1
189	56	90	164	190
190	21	90	189	72	132	120
191	11	14	124	168	-1
192	5	176	193	-1
193	5	192	37	188	-1
194	61	36	-1
