0	66	47	2	51	65
1	15	11	95	99	98	91
2	66	75	86	87	47	0	83
3	10	27	49	54	53	23	12	21	8	95
4	67	72	8	5	97	-1
5	4	6	97	-1
6	70	7	52	5	97	-1
7	41	9	70	6	88	-1
8	3	12	21	72	4	16
9	41	50	100	7	12	-1
10	19	29	27	58	93	3	21
11	49	26	15	1	30	95
12	41	9	3	23	90	8	16	88
13	100	96	53	23	90	31	20	-1
14	44	15	17	78	63
15	14	1	17	30	11	91
16	70	52	12	8	88	97
17	44	14	15	30	89
18	22	19	29	27
19	92	94	25	22	18	29	10	93
20	96	13	99	31	28	98
21	10	58	3	72	8
22	24	25	19	18	27	49	26
23	53	3	13	90	12
24	80	94	25	22	81	26
25	24	94	22	19
26	24	22	49	82	81	11
27	22	18	29	10	49	3
28	31	20	98	91
29	19	18	10	27
30	82	15	17	11	89
31	13	28	20	74	91	-1
32	39	56	33	-1
33	42	34	32	56	-1
34	71	42	57	73	33	-1
35	57	73	67	-1
36	101	60	45	38
37	40	55	101	60	38
38	55	84	78	37	36	60	45
39	32	48	56	66	46	51	-1
40	46	62	55	101	37	-1
41	9	7	12	88
42	69	68	71	34	56	33
43	82	85	83	44	89
44	47	43	14	17	89	64	84	78
45	78	74	101	36	38	-1
46	39	40	62	51	-1
47	0	85	2	83	44	64	65
48	39	56	61	59
49	22	27	3	26	11	95
50	9	100	90
51	39	66	0	46	62	55	65
52	70	16	6	97
53	54	96	3	23	13
54	96	53	3	95	99
55	40	62	51	64	37	38
56	68	42	32	39	48	33
57	35	34	73	-1
58	73	92	10	93	67	21	72
59	69	68	48	61	76
60	101	37	36	38
61	48	66	59	75	76
62	40	46	55	51
63	14	78	74	91
64	47	44	55	65	84
65	47	0	51	64
66	39	61	75	0	2	51
67	35	73	58	72	4	-1
68	69	42	56	59
69	68	71	42	59	76	79
70	7	52	16	6	88
71	69	42	34	73	77	92	79
72	58	67	21	8	4
73	71	35	57	34	92	58	67
74	31	78	63	91	45	-1
75	66	61	76	79	86	2
76	69	61	59	75	79
77	71	92	79	94
78	44	14	84	74	63	45	38
79	69	71	77	75	76	80	94
80	24	79	86	94	81
81	24	80	86	87	82	26
82	87	81	26	83	43	30	89
83	87	82	47	85	2	43
84	44	64	78	38
85	47	83	43
86	75	80	87	81	2
87	86	82	81	2	83
88	41	70	7	12	16
89	82	43	44	17	30
90	50	23	13	12
91	15	1	31	28	98	74	63
92	71	73	77	94	19	58	93
93	92	19	10	58
94	77	92	24	79	80	25	19
95	49	54	3	1	11	99
96	54	53	13	99	20
97	52	4	16	5	6
98	1	99	28	20	91
99	54	96	1	95	20	98
100	50	9	13	-1
101	40	37	36	60	45	-1
