0	47	2	66	51	65
1	98	15	11	95	99	91
2	87	47	0	83	66	75	86
3	54	53	23	12	21	8	10	27	49	95
4	67	72	8	5	97	-1
5	4	6	97	-1
6	70	7	52	5	97	-1
7	41	9	70	6	88	-1
8	3	12	21	72	4	16
9	41	50	100	7	12	-1
10	3	21	19	29	27	58	93
11	26	49	15	1	30	95
12	41	9	3	23	90	8	16	88
13	100	96	53	23	90	31	20	-1
14	15	17	44	78	63
15	14	1	17	30	11	91
16	70	52	12	8	88	97
17	14	15	30	89	44
18	22	19	29	27
19	25	22	18	29	10	93	92	94
20	96	13	31	28	98	99
21	3	72	8	10	58
22	26	25	19	18	27	49	24
23	53	3	13	90	12
24	81	26	25	22	80	94
25	22	19	24	94
26	82	81	22	49	11	24
27	3	22	18	29	10	49
28	31	20	98	91
29	19	18	10	27
30	82	15	17	11	89
31	13	28	20	74	91	-1
32	39	56	33	101	-1
33	42	34	32	56	-1
34	71	42	57	73	33	-1
35	67	57	73	-1
36	60	45	38	-1
37	60	38	40	55	-1
38	37	36	60	45	78	84	55
39	66	32	48	56	101	46	51
40	37	101	46	62	55	-1
41	9	7	12	88
42	69	68	71	34	56	33
43	82	89	85	83	44
44	14	17	89	47	43	78	84	64
45	36	38	78	74	-1
46	39	101	40	62	51
47	0	85	2	83	44	64	65
48	61	59	39	56
49	3	26	22	27	11	95
50	9	100	90
51	0	66	39	46	62	55	65
52	70	16	6	97
53	54	96	3	23	13
54	96	53	3	95	99
55	37	38	40	62	51	64
56	68	42	32	39	48	33
57	35	34	73	-1
58	67	21	72	10	93	73	92
59	69	68	61	76	48
60	37	36	38	-1
61	66	59	75	76	48
62	40	46	55	51
63	14	78	74	91
64	47	44	84	55	65
65	47	0	51	64
66	0	2	61	75	39	51
67	72	4	58	35	73	-1
68	69	42	59	56
69	68	71	42	59	76	79
70	7	52	16	6	88
71	69	42	34	73	77	92	79
72	67	21	8	4	58
73	67	58	71	35	57	34	92
74	31	45	78	63	91	-1
75	2	66	61	76	79	86
76	69	61	59	75	79
77	71	92	79	94
78	14	44	45	38	74	63	84
79	69	71	77	75	76	80	94
80	81	24	79	86	94
81	87	82	26	24	80	86
82	87	81	26	30	89	83	43
83	87	82	47	85	2	43
84	44	38	78	64
85	47	83	43
86	87	81	2	75	80
87	82	81	2	83	86
88	41	70	7	12	16
89	82	17	30	43	44
90	50	23	13	12
91	31	28	98	15	1	74	63
92	19	58	93	71	73	77	94
93	19	10	58	92
94	25	19	77	92	24	79	80
95	54	3	49	1	11	99
96	54	53	13	20	99
97	52	4	16	5	6
98	28	20	1	99	91
99	54	96	20	98	1	95
100	50	9	13	-1
101	32	39	40	46	-1
