0	13	20	29	
1	18	35	2	40	-1	
2	18	1	35	39	
3	4	22	23	8	-1	
4	9	12	22	26	28	8	3	
5	18	34	21	33	30	-1	
6	24	25	8	10	-1	
7	19	17	13	16	
8	9	4	24	6	10	3	32	-1	
9	4	13	12	8	32	
10	27	6	25	8	31	32	38	-1	
11	36	13	14	32	
12	9	4	13	28	29	
13	19	9	11	7	12	0	20	29	32	
14	27	11	31	32	
15	17	20	33	30	
16	19	18	7	39	30	37	
17	7	15	20	30	
18	5	1	2	39	16	30	-1	
19	36	7	13	16	37	
20	17	15	13	0	26	29	33	
21	34	5	26	-1	
22	4	23	26	3	-1	
23	22	3	-1	
24	6	8	-1	
25	6	10	-1	
26	34	21	4	20	22	28	29	33	-1	
27	36	10	14	38	
28	4	12	26	29	
29	13	12	0	20	26	28	
30	18	5	17	15	33	16	
31	10	14	32	
32	9	11	13	8	10	31	14	
33	34	5	15	20	26	30	
34	5	21	26	33	
35	1	2	39	38	40	-1	
36	27	19	11	39	38	
37	19	39	16	
38	27	36	10	35	39	-1	
39	36	18	35	2	16	38	37	
40	1	35	-1	
