0	1	16	11	15	17
1	55	60	0	16	17	-1
2	11	12	3	15
3	12	2	15	57	61	-1
4	17	14	13
5	55	14	8	6	58
6	5	7	8	58
7	10	9	8	6	58	-1
8	55	19	5	7	6	-1
9	10	7	58	61	-1
10	9	7	-1
11	26	0	16	28	36	33	12	2	15	-1
12	26	11	3	2	-1
13	4	17	14
14	55	4	15	17	5	13	57	58
15	0	11	3	2	17	14	57
16	0	1	11	-1
17	4	0	1	15	14	13
18	56	65	-1
19	55	56	8	-1
20	21	24	34	37	-1
21	25	23	20	24	-1
22	34	37	32	45	54	-1
23	30	25	26	29	28	21	24
24	30	23	21	20	34
25	23	26	21	-1
26	25	23	11	28	12	-1
27	49	48	50	29	46	52	36
28	23	26	29	11	36
29	27	30	23	46	28	36
30	23	43	29	47	46	24	34	45
31	40	42	39	32	54	-1
32	42	31	22	41	45	54
33	49	51	53	48	50	11	36	-1
34	30	20	24	37	22	45
35	53	64	40	38	59	-1
36	27	50	29	11	28	33
37	20	34	22	-1
38	40	35	59	39	-1
39	40	38	31	-1
40	64	35	38	42	31	39
41	42	44	43	32	45
42	64	40	31	44	41	32
43	44	30	47	62	41	45
44	64	42	43	41
45	30	43	34	22	41	32
46	27	30	29	47
47	30	43	46	52	62
48	49	27	50	33
49	53	63	27	48	52	33
50	27	48	36	33
51	53	33	-1
52	49	63	27	47	62
53	49	51	63	64	35	33	-1
54	31	22	32	-1
55	19	56	60	1	14	5	8
56	55	19	18	60	-1
57	3	15	14	58	61
58	14	5	57	9	7	6	61
59	35	38	-1
60	55	56	1	-1
61	3	57	9	58	-1
62	63	64	43	47	52
63	49	53	64	52	62
64	53	63	40	35	42	44	62
65	18	-1
